%YAML:1.0
---
K: !!opencv-matrix
   rows: 3
   cols: 3
   dt: d
   data: [ 1.4365158018859368e+03, 0., 6.6113805174924789e+02, 0.,
       1.5582752221275159e+03, 2.6422527155242926e+02, 0., 0., 1. ]
D: !!opencv-matrix
   rows: 1
   cols: 5
   dt: d
   data: [ 2.1142879577214369e+00, -1.2067957256864130e+01,
       -7.0996087966858801e-02, 2.2075295842040606e-02,
       2.9964735698070907e+01 ]
