%YAML:1.0
---
K: !!opencv-matrix
   rows: 3
   cols: 3
   dt: d
   data: [ 9.4772406041007139e+02, 0., 6.7235074995826369e+02, 0.,
       9.5620630241014214e+02, 3.0988488468169754e+02, 0., 0., 1. ]
D: !!opencv-matrix
   rows: 1
   cols: 5
   dt: d
   data: [ 4.6352234370811635e-01, -2.2608460762132605e+00,
       -4.8269590561254988e-03, -1.2692073867788261e-02,
       3.9879815439117685e+00 ]
